34
8446
11404
11814
12267
15548
16513
18002
18052
20178
25063
32650
34776
36959
37789
39999
40000
41831
43595
45988
49631
50121
52837
53319
58009
59256
61802
64235
64406
68553
75628
75994
77188
83757
83812
84313
87755
91222
93114
95345
95442
96209
101717
106196
107362
110098
110099
110100
110101
110103
110104
110105
110107
110110
110112
110113
110114
110116
110118
110119
110120
110121
110122
110123
110124
110126
110128
110129
110130
110131
110133
110135
110136
110138
110139
110140
110141
110142
110143
110144
110145
110146
110147
110148
110149
110150
110151
110152
110153
110154
110155
110156
110157
110158
110159
110160
110161
110162
110163
110164
110165
110166
110167
110168
110169
110170
110171
110172
110173
110174
110175
110176
110177
110178
110179
110180
110181
110182
110183
110184
110185
110295
110296
110297
110299
110301
110302
110303
110306
110307
110308
110310
110312
110313
110314
110316
110317
110319
110321
110323
110325
110326
110327
110328
110329
110331
110332
110333
110334
110335
110336
110337
110338
110339
110340
110341
110342
110344
110345
110346
110348
110350
110351
110352
110353
110354
110355
110356
110357
110358
110359
110360
110361
110362
110363
110364
110365
110366
110367
110368
110369
110370
110371
110372
110373
110374
110375
110376
110377
110378
110379
110380
110381
110383
110385
110386
110387
110388
110390
110711
110712
110714
110715
110717
110718
110719
110722
110725
110726
110729
110735
110737
110740
110742
110744
110746
110748
110750
110753
110755
110758
110760
110763
110767
110769
110774
110776
110778
110780
110783
110786
110789
110791
110795
110798
110800
110804
110806
110808
110810
110812
110815
110817
110820
110822
110826
110829
110831
110833
110835
110837
110839
110842
110844
110846
110849
110851
110853
110855
110857
110859
110860
110862
110864
110866
110868
110870
110872
110874
110876
110878
110880
110949
110951
110952
110954
110957
110959
110962
110964
110966
110968
110970
110973
110975
110977
110979
110982
110985
110987
110989
110994
110995
110998
111001
111004
111007
111010
111011
111013
111016
111019
111022
111023
111025
111028
111030
111033
111035
111036
111039
111041
111042
111045
111046
111048
111050
111052
111054
111056
111058
111060
111062
111064
111065
111068
111070
111072
111074
111075
111077
111127
111129
111132
111134
111136
111138
111142
111145
111146
111150
111151
111154
111157
111160
111162
111164
111167
111168
111171
111173
111175
111177
111180
111181
111183
111185
111187
111189
111191
111193
111195
111197
111199
111201
111203
111205
111207
111209
111211
111213
111215
111217
111219
111221
111223
111225
111226
111228
111230
111232
111234
111236
111238
111240
111243
111245
111247
111249
111251
111253
111255
111257
111260
111262
111264
111266
111268
111270
111272
111274
111276
111277
111278
111279
111281
111282
111297
111298
111299
111300
111301
111304
111306
111308
111310
111312
111315
111317
111319
111321
111323
111325
111327
111329
111331
111333
111334
111336
111339
111342
111345
111347
111351
111352
111353
111355
111357
111359
111361
111363
111365
111367
111369
111371
111373
111375
111377
111379
111381
111383
111385
111387
111389
111391
111393
111395
111397
111398
111399
111401
111403
111405
111406
111408
111410
111412
111414
111416
111418
111420
111422
111424
111426
111428
111429
111431
111433
111435
111437
111439
111441
111443
111445
111468
111470
111472
111473
111476
111479
111481
111483
111485
111486
111489
111491
111493
111495
111497
111499
111502
111503
111506
111508
111510
111512
111514
111516
111518
111520
111523
111525
111527
111529
111531
111533
111535
111537
111539
111541
111543
111545
111547
111549
111551
111553
111555
111557
111559
111561
111563
111565
111567
111569
111571
111573
111575
111577
111579
111581
111583
111585
111587
111588
111590
111592
111594
111596
111598
111600
111602
111604
111607
111609
111611
111613
111615
111618
111619
111620
111622
112272
112273
112276
112278
112280
112283
112287
112289
112291
112293
112295
112296
112300
112302
112304
112306
112308
112311
112313
112315
112319
112321
112323
112326
112329
112334
112337
112339
112341
112345
112348
112349
112351
112353
112355
112356
112358
112361
112362
112364
112365
112367
112370
112372
112374
112377
112378
112380
112382
112384
112386
112388
112390
112392
112394
112396
112398
112400
112402
112405
112407
112409
112411
112413
112415
112417
112419
112421
112423
112425
112427
112430
112432
112436
112544
112546
112549
112553
112554
112557
112560
112563
112565
112568
112571
112572
112577
112580
112582
112584
112587
112589
112591
112592
112595
112598
112600
112605
112607
112609
112611
112613
112615
112619
112622
112624
112626
112628
112630
112633
112634
112635
112637
112638
112642
112643
112647
112649
112651
112653
112656
112658
112659
112661
112663
112665
112667
112669
112672
112675
112676
112678
112679
112683
112687
112690
112691
112694
112697
114266
114268
114269
114271
114272
114273
114275
114276
114277
114278
114279
114280
114285
114286
114287
114289
114291
114296
114301
114305
114306
114308
114309
114312
114313
114314
114315
114316
114317
114318
114319
114321
114323
114325
114331
114332
114334
114337
114340
114342
114345
114346
114350
114353
114359
114362
114373
114457
114461
114462
114463
114469
114472
114476
114477
114481
114483
114490
114491
114493
114495
114496
114501
114504
114506
114507
114508
114510
114513
114515
114517
114518
114519
114520
114521
114522
114523
114524
114525
114527
114528
114529
114531
114532
114533
114534
114535
114536
114538
115109
115110
115119
115121
115122
115124
115127
115128
115129
115130
115139
115143
115145
115149
115151
115152
115154
115155
115165
115170
115172
115176
115179
115181
115183
115185
115191
115192
115195
115204
115209
115214
115217
115227
115229
115230
115236
115237
115242
115244
115246
115249
115252
115253
115257
115258
115259
115261
115262
115266
115267
115268
115271
115274
115275
115277
115278
115283
115284
115286
115287
115288
115289
115291
115292
115294
115295
115296
115298
115300
115305
115306
115308
115309
115314
115315
115321
115324
115329
115346
115348
115350
115351
115353
115355
115360
115363
115365
115367
115370
115371
115375
115377
115381
115385
115386
115389
115392
115393
115394
115401
115403
115404
115405
115406
115407
115408
115409
115410
115413
115414
115415
115416
115418
115422
115423
115429
115430
115431
115436
115438
115448
115450
115452
115470
115471
115473
115475
115477
115478
115480
115481
115485
115487
115488
115490
115491
115494
115496
115497
115498
115499
115500
115503
115504
115505
115507
115508
115509
115511
115512
115513
115514
115515
115516
115517
115520
115522
115523
115524
115525
115526
115527
115529
115530
115532
115536
115537
115538
115539
115541
115545
115546
115547
115549
115550
115551
115559
115565
115566
115567
115569
115572
115573
115575
115576
115577
115579
115582
115583
115584
115585
115586
115590
115591
115593
115594
115595
115596
115599
115602
115603
115605
115607
115608
115609
115611
115612
115614
115621
115623
115624
115627
115628
115630
115632
115634
115639
115640
115642
115646
115647
115650
115654
115656
115659
115660
115663
115666
115673
115674
115675
115679
115681
115714
115725
115728
115731
115732
115734
115736
115737
115743
115744
115747
115750
115752
115754
115758
115761
115762
115768
115771
115779
115780
115786
115791
115795
115802
115805
115838
115840
115842
115847
115848
115849
115854
115858
115863
115868
115870
115871
115876
115880
115884
115890
115894
115896
115897
115900
115903
115917
115919
115929
115935
115936
115939
115945
115947
115979
115987
115988
115992
116001
116002
116022
116023
116024
116025
116026
116027
116030
116033
116039
116041
116059
116062
116071
116080
116084
116085
116103
116106
116117
116126
116127
116128
116134
116135
116138
116140
116143
116144
116146
116150
116153
116157
116159
116160
116166
116170
116181
116189
116194
116204
116205
116208
116210
116211
116496
116500
116505
116512
116527
116528
116532
116534
116535
116536
116539
116540
116541
116546
116550
116553
116554
116566
116567
116571
116576
116583
116585
116589
116598
116603
116611
116619
116623
116629
116635
116639
116640
116642
116647
116651
116652
116660
116663
116667
116672
116674
116677
116678
116682
116699
116708
116709
116712
116715
116716
116717
116721
116724
116727
116728
116730
116731
116732
116739
116741
116746
116751
116752
116755
116759
116766
116770
116776
116779
116783
116793
116819
116830
116833
116838
116839
116842
116848
116851
116856
116858
116863
116866
116870
116872
116873
116874
116877
116878
116879
116892
116906
116914
116920
116948
116955
116957
116965
116972
116975
116979
116981
116984
116985
116991
116996
116998
116999
117002
117004
117010
117011
117014
117015
117017
117021
117025
117029
117040
117092
117108
117111
117117
117133
